image: clf-robocup.pgm
resolution: 0.025000
origin: [-8.141384, -13.588793, 0.000000]
negate: 0
occupied_thresh: 0.65
free_thresh: 0.196

