image: clf_corner_coffee.pgm
resolution: 0.025000
origin: [-1.625065, -4.390026, 0.000000]
negate: 0
occupied_thresh: 0.65
free_thresh: 0.196

