image: clf_cupro_2.pgm
resolution: 0.025000
origin: [-7.559410, -10.123193, 0.000000]
negate: 0
occupied_thresh: 0.65
free_thresh: 0.196

