image: csra24_eind.pgm
resolution: 0.025000
origin: [-8.612503, -6.678832, 0.000000]
negate: 0
occupied_thresh: 0.65
free_thresh: 0.196

