image: csra-full_edited.pgm
resolution: 0.025000
origin: [-14.474472, -7.491875, 0.000000]
negate: 0
occupied_thresh: 0.65
free_thresh: 0.196

