image: eindhoven_sspl.pgm
resolution: 0.025000
origin: [-7.658300, -9.181485, 0.000000]
negate: 0
occupied_thresh: 0.65
free_thresh: 0.196

