image: eindhoven_opl.pgm
resolution: 0.025000
origin: [-7.269609, -13.401506, 0.000000]
negate: 0
occupied_thresh: 0.65
free_thresh: 0.196

