image: homecoming_24.pgm
resolution: 0.025000
origin: [-11.319033, -7.436594, 0.000000]
negate: 0
occupied_thresh: 0.65
free_thresh: 0.196

