image: kassel.pgm
resolution: 0.025000
origin: [-9.608656, -23.402026, 0.000000]
negate: 0
occupied_thresh: 0.65
free_thresh: 0.196

