image: arena_bordeaux_open.pgm
resolution: 0.025000
origin: [-18.993505, -7.885492, 0.000000]
negate: 0
occupied_thresh: 0.65
free_thresh: 0.196

